0.125661850720644	0.122730309764544	0.118158891797066	0.157597188651562	0.163892000913620	0.167869788904985	0.184127788162894	0.197465962916613	0.197465962916613	0.179073053279093	0.186597769148648	0.197129615582526	0.191022285260260	0.176117626018822	0.156085296223561	0.124279901850969	0.149638229360183	0.177397252526134	0.176491653546691	0.208455663919449	0.198587492108345	0.158789489418268	0.137542016465556	0.120524457571181	0.0872199468028087	0.0906671454819540	0.0828013674222997	0.0634613121549288	0.0652207919706901	0.0620143471614403	0.0681620539330384
0.129914131354202	0.132289605836074	0.156996047124267	0.186313541978598	0.201912038028240	0.212554049678147	0.199352367222309	0.205904898047447	0.205904898047447	0.208899657179912	0.223670490831137	0.223670490831137	0.212015387735197	0.167922901920974	0.135457740724087	0.115800174987978	0.124744126107544	0.150929235387594	0.161879477277398	0.204141192138195	0.201670755039562	0.175678197633136	0.148475006533166	0.125829050148075	0.0951433511307606	0.0968830897831000	0.0857156639297803	0.0693117087939754	0.0650402936153114	0.0608247015625238	0.0638831578609016
0.143837432066600	0.149167572706938	0.187445728108287	0.211135539743635	0.245177367329597	0.216228368071218	0.200833701448781	0.195497976243496	0.203473613162835	0.220408553630114	0.246263049542904	0.246263049542904	0.219233970157802	0.171675140304225	0.142337214201689	0.121893615648150	0.105020340066403	0.134028546098206	0.151417005434632	0.190579253766272	0.189296920191158	0.171876867386428	0.141201295889914	0.118878195778682	0.0964710826852492	0.0861833249883992	0.0764609195291996	0.0614884300778310	0.0569887764751911	0.0488982861861587	0.0514654749456574
0.146889369313916	0.154327245801687	0.206576887518168	0.213781512445874	0.246844463050365	0.221582360151741	0.217304420967897	0.215267858654261	0.231099903051342	0.262406238913536	0.265959297120571	0.265959297120571	0.221243848092854	0.187855508923531	0.171503995855649	0.138320148405102	0.116511622177703	0.130685079842806	0.140859258257680	0.179522953927517	0.183639734983444	0.180973726917397	0.154995715556045	0.130529206246138	0.106580386368128	0.0849116905950583	0.0708732105791569	0.0648187306942418	0.0542592493196329	0.0478115510195494	0.0451968237757683
0.142897326499224	0.149073055220975	0.212087644264102	0.212087644264102	0.243628018846114	0.236926906804244	0.236761848628521	0.236761848628521	0.253491867333651	0.279683399200439	0.279683399200439	0.280837715736457	0.230685822665691	0.197632312774658	0.181027613580227	0.151556833514145	0.134919371988092	0.152711801230907	0.170726680921184	0.186652691662312	0.192038922147317	0.202811858306328	0.196800644199053	0.165998000365037	0.149507291901570	0.107730587514547	0.0775808227558931	0.0731138510163873	0.0570385226358970	0.0506107614320867	0.0433320574024144
0.147946428921488	0.144509108737111	0.205857343143887	0.217055204841826	0.242059088870883	0.238930713964833	0.244361047074199	0.241950700059533	0.271963506005704	0.295958137512207	0.295958137512207	0.302718784766538	0.242386591931184	0.207284387201071	0.189307296441661	0.170853375324181	0.155576865706179	0.187064571678638	0.203277963399887	0.197007646614855	0.208511331677437	0.219403335203727	0.228157402326663	0.235499708248036	0.224040984309145	0.187355254377638	0.146931902567546	0.0924793605227023	0.0813250243663788	0.0552223242600175	0.0431834330015323
0.130321883596480	0.121984577427308	0.202389827205075	0.219137476757169	0.253388122717539	0.255599931048022	0.262517562508583	0.262150531013807	0.283856449116554	0.298051936551929	0.299982903152704	0.305987630039454	0.246762317419052	0.199156413786113	0.183563152121173	0.154822672717273	0.151630578190088	0.204845927655697	0.212081524729729	0.228372451933947	0.255962969227271	0.257046459750696	0.279883239131707	0.350451631041674	0.354200768356140	0.328603441693953	0.261295672754447	0.152162544210168	0.117497427498593	0.0735974629513091	0.0537922272787375
0.126635113524066	0.141569228044578	0.197913303226233	0.228574440238022	0.263369758852891	0.262853317335248	0.272319822013378	0.282811051234603	0.290476676821709	0.295681522041559	0.301432685660464	0.302246103063226	0.259277505179246	0.212789417141014	0.178509480319917	0.143131175078452	0.145209333135022	0.203218455612659	0.242829547687010	0.266540563919327	0.338854726403952	0.398844508962198	0.391434936473767	0.516104949208406	0.507828113223825	0.458875775833925	0.400712217669934	0.236636153696214	0.148466024547815	0.0823748288128306	0.0563768832122578
0.122815099855264	0.165454051324299	0.200774759054184	0.244954283659657	0.278011597899927	0.279358891770244	0.325471403449774	0.349461576342583	0.313792467117310	0.314368805289268	0.301384659750121	0.307198899487654	0.289640511075656	0.233031421071953	0.189007819763252	0.169137452211645	0.148327507078648	0.196369381414519	0.375925164331089	0.500684858723120	0.552680533379316	0.673261919369300	0.607534717768431	0.617734963340419	0.634076308991228	0.541522124409676	0.447632902301848	0.280625060433522	0.189995026982882	0.113251276728180	0.0805114057535927
0.107765188440681	0.175407033413649	0.184070648418533	0.251963200420141	0.266061929530568	0.275206705927849	0.340924236178398	0.354383195439974	0.320911031961441	0.324919097622236	0.304965980138098	0.300854726135731	0.326598742178508	0.275026794523001	0.267561872090612	0.233077633712027	0.172911420464516	0.282768362098270	0.446582083404064	0.673174851320007	0.712621323764324	0.868242609959382	0.817411649685640	0.733285703829357	0.723217535018921	0.541294062137604	0.447561349719763	0.305798904504627	0.207711747847497	0.129824295420857	0.0916555287206874
0.109412241727114	0.207349849657880	0.188834005759822	0.243905415385962	0.258406245708466	0.266263837367296	0.340552410483360	0.340587082505226	0.334071958065033	0.341552021354437	0.331671795248985	0.349688008427620	0.367230898804135	0.365866705775261	0.432782958660807	0.404685862362385	0.366622662171721	0.445691681720994	0.537661544301293	0.754884892453750	0.913477176969702	1.02146619061629	0.958337061107159	0.757283696761498	0.662219804525375	0.473909660180410	0.382355964742601	0.277014758903533	0.191906432155520	0.123848873902770	0.0941515929169125
0.105102895093816	0.203615361358970	0.191750832434211	0.224773881956935	0.243339084088802	0.266056540608406	0.340345113724470	0.351377596147358	0.363846588134766	0.367903771145003	0.362008833885193	0.392361074686050	0.459169755379359	0.547741115093231	0.554642708599567	0.532790053221915	0.465702122449875	0.541505033319647	0.639984969794750	0.839741909255584	0.977194097909060	0.940379312405219	0.859696833150727	0.618212435926710	0.544229727983475	0.358617097139359	0.269678303040564	0.218777481932193	0.174006955905093	0.128110869891114	0.104098635088456
0.147962730688353	0.195277705788612	0.187933614424297	0.205765677740177	0.213408987969160	0.250561041012406	0.283040608838201	0.318547450431756	0.361259919404984	0.375895871860640	0.404182450970014	0.399413425061438	0.509009327739477	0.590708035975695	0.608657171328863	0.575282467736138	0.523426456749439	0.599277142773975	0.585176360878078	0.756773064082319	0.806341213484605	0.753721266984940	0.689864714230810	0.511329029287611	0.428833548227946	0.291692627469699	0.243704820983112	0.205480333198519	0.158816615886548	0.121756115818725	0.100836496613920
0.194426950067282	0.203985949357351	0.202994164079428	0.219642131456307	0.228061484172940	0.273225391283631	0.273025571927428	0.313375426083803	0.402633933616536	0.422722452630599	0.442860503814050	0.524272119998932	0.499295972287655	0.557287209563785	0.590256995624966	0.556882292032242	0.545301043987274	0.590401718020439	0.562667361714623	0.626165761189027	0.663861336807410	0.532067922445444	0.474852211200274	0.363262737026581	0.280220950288432	0.259983215729396	0.224299787543714	0.199085293009001	0.157899311798460	0.127838270945681	0.108926806429570
0.215283110471708	0.210119438171387	0.203289304673672	0.221048790030181	0.261519599883329	0.305287769809365	0.305287769809365	0.377349120378494	0.448480832257441	0.508231215178967	0.483143319508859	0.544579438865185	0.504687198570797	0.529627791047096	0.519705371724235	0.477714485592312	0.469774723052979	0.456570410728455	0.489232699979435	0.492780928810438	0.489185666044553	0.415678831247183	0.323368439716952	0.278772028429168	0.256869194904963	0.246137692593038	0.243185463361442	0.214232487275320	0.177812950137784	0.142465506576830	0.118344029145581
0.235504338145256	0.231188063323498	0.222251394391060	0.228723360846440	0.304551494973046	0.328543436527252	0.370863998929660	0.469503927975893	0.525743514299393	0.551376057167848	0.510731447488070	0.491984297831853	0.420894065073558	0.431280327694757	0.399156102112361	0.406003071202172	0.405144155025482	0.378048151731491	0.404218897223473	0.376684296589631	0.349566335861500	0.324413834856107	0.236185516302402	0.227796766620416	0.230038818504129	0.255579861998558	0.259397551417351	0.236085553379620	0.202670341028887	0.163075898038714	0.125178052555947
0.265721388161182	0.254544731229544	0.229351114481688	0.244640524188678	0.320074738562107	0.320074738562107	0.402538998921712	0.533182035173689	0.620061570405960	0.571580169030598	0.515849317397390	0.447354510426521	0.403687596321106	0.398912139236927	0.396706796354718	0.398839902877808	0.398066878318787	0.361430254849521	0.344883290204135	0.318197896083196	0.269856256743272	0.256329964846373	0.213725888303348	0.212432735164960	0.226163271069527	0.258487368002534	0.272597071714699	0.243874314953299	0.215990141861969	0.170781422229040	0.136738134281976
0.299268491400613	0.267240431053298	0.263328956440091	0.322005381600724	0.389732861518860	0.389732861518860	0.479542223115762	0.578795457737787	0.633204730351766	0.585689395997259	0.536112210048097	0.501756962388754	0.459670348299874	0.443394710620244	0.437819182872772	0.397476142644882	0.389866669069637	0.346318361434070	0.336601912975311	0.312094901998838	0.269790497918924	0.261103713264068	0.219487204083375	0.219949826598167	0.228312434752782	0.254834928549826	0.257004580227658	0.233719374751672	0.201389968602194	0.159530036337674	0.131582826179893
0.363781075552106	0.321246186643839	0.379683957124750	0.387630600068304	0.408527109026909	0.425391232470671	0.505987046020372	0.603776705761751	0.631669006177357	0.593382583724128	0.585100098734810	0.583032190799713	0.532469789187113	0.516194151507484	0.468680927157402	0.428337886929512	0.413847852836956	0.388547699559819	0.356367744505405	0.332985178782390	0.302028417587280	0.274619013071060	0.253330378660134	0.236825399597486	0.228437552849452	0.246787819266319	0.224641916725565	0.196959559312638	0.172307860890501	0.142160945487293	0.124568069167435
0.384355787270599	0.382165988286336	0.477542233963807	0.434851571545005	0.449119792878628	0.467598660715989	0.537889527777831	0.634809955954552	0.633329143481595	0.620350110743727	0.632705426641873	0.650260224938393	0.641856216722065	0.596170991659164	0.524271130561829	0.485504087805748	0.431034023111517	0.437961540438912	0.402978894611200	0.378890159229438	0.353407770395279	0.303368514546981	0.260102677558150	0.250837736328443	0.230904041727384	0.232193889220556	0.201309269418319	0.164838047930971	0.149163729200761	0.127904936185350	0.125032641501589
0.379982340046101	0.438382358352343	0.515905480299677	0.515285998157093	0.554674819111824	0.559319816529751	0.640833574036757	0.690725127855937	0.686540331691504	0.694306244452794	0.762609854340553	0.733567131890191	0.737916264269087	0.726172834634781	0.615135949850082	0.577757718888196	0.497875435785814	0.495904957254728	0.460742498437564	0.425050320533606	0.404110057995870	0.327007805662496	0.277246073952743	0.248311646779378	0.226140268643697	0.216025783618291	0.178548433119431	0.135468907887116	0.126524967629285	0.114509596286908	0.118597793816165